{
 "cells": [
  {
   "cell_type": "code",
   "execution_count": 2,
   "id": "ea62d4be-34c4-4724-82f9-57159445a60f",
   "metadata": {},
   "outputs": [],
   "source": [
    "import numpy as np\n",
    "import pandas as pd\n",
    "from matplotlib import pyplot as plt\n",
    "import seaborn as sns"
   ]
  },
  {
   "cell_type": "code",
   "execution_count": 19,
   "id": "0e49d0db-3097-4f99-b7b0-52e70de63a18",
   "metadata": {},
   "outputs": [
    {
     "data": {
      "text/html": [
       "<div>\n",
       "<style scoped>\n",
       "    .dataframe tbody tr th:only-of-type {\n",
       "        vertical-align: middle;\n",
       "    }\n",
       "\n",
       "    .dataframe tbody tr th {\n",
       "        vertical-align: top;\n",
       "    }\n",
       "\n",
       "    .dataframe thead th {\n",
       "        text-align: right;\n",
       "    }\n",
       "</style>\n",
       "<table border=\"1\" class=\"dataframe\">\n",
       "  <thead>\n",
       "    <tr style=\"text-align: right;\">\n",
       "      <th></th>\n",
       "      <th>recno</th>\n",
       "      <th>Class</th>\n",
       "      <th>SubClass</th>\n",
       "      <th>Luminosity Class</th>\n",
       "      <th>Teff1</th>\n",
       "      <th>logg1</th>\n",
       "      <th>FeH1</th>\n",
       "      <th>Vmag</th>\n",
       "      <th>e_Vmag</th>\n",
       "      <th>Teff2</th>\n",
       "      <th>logg2</th>\n",
       "      <th>FeH2</th>\n",
       "      <th>Rad</th>\n",
       "      <th>Mass</th>\n",
       "      <th>Lum</th>\n",
       "      <th>Ca_K</th>\n",
       "      <th>H_lines</th>\n",
       "      <th>Metal_lines</th>\n",
       "    </tr>\n",
       "  </thead>\n",
       "  <tbody>\n",
       "    <tr>\n",
       "      <th>0</th>\n",
       "      <td>1</td>\n",
       "      <td>F</td>\n",
       "      <td>0</td>\n",
       "      <td>NaN</td>\n",
       "      <td>7080.0</td>\n",
       "      <td>4.178</td>\n",
       "      <td>-0.148</td>\n",
       "      <td>10.907</td>\n",
       "      <td>0.008</td>\n",
       "      <td>7078.0</td>\n",
       "      <td>3.4750</td>\n",
       "      <td>-0.151</td>\n",
       "      <td>3.797</td>\n",
       "      <td>1.570</td>\n",
       "      <td>32.60238</td>\n",
       "      <td>A7</td>\n",
       "      <td>F3</td>\n",
       "      <td>F2</td>\n",
       "    </tr>\n",
       "    <tr>\n",
       "      <th>1</th>\n",
       "      <td>2</td>\n",
       "      <td>A</td>\n",
       "      <td>6</td>\n",
       "      <td>IV</td>\n",
       "      <td>7404.0</td>\n",
       "      <td>4.069</td>\n",
       "      <td>0.031</td>\n",
       "      <td>10.410</td>\n",
       "      <td>0.005</td>\n",
       "      <td>7405.0</td>\n",
       "      <td>4.2137</td>\n",
       "      <td>0.032</td>\n",
       "      <td>1.684</td>\n",
       "      <td>1.691</td>\n",
       "      <td>7.68098</td>\n",
       "      <td>A7</td>\n",
       "      <td>F0</td>\n",
       "      <td>F0</td>\n",
       "    </tr>\n",
       "    <tr>\n",
       "      <th>2</th>\n",
       "      <td>3</td>\n",
       "      <td>F</td>\n",
       "      <td>0</td>\n",
       "      <td>NaN</td>\n",
       "      <td>7330.0</td>\n",
       "      <td>4.102</td>\n",
       "      <td>-0.133</td>\n",
       "      <td>14.155</td>\n",
       "      <td>0.126</td>\n",
       "      <td>7331.0</td>\n",
       "      <td>4.3672</td>\n",
       "      <td>-0.133</td>\n",
       "      <td>1.398</td>\n",
       "      <td>1.660</td>\n",
       "      <td>5.08514</td>\n",
       "      <td>A7</td>\n",
       "      <td>F1</td>\n",
       "      <td>F0</td>\n",
       "    </tr>\n",
       "    <tr>\n",
       "      <th>3</th>\n",
       "      <td>4</td>\n",
       "      <td>A</td>\n",
       "      <td>7</td>\n",
       "      <td>V</td>\n",
       "      <td>7218.0</td>\n",
       "      <td>4.182</td>\n",
       "      <td>-0.300</td>\n",
       "      <td>13.497</td>\n",
       "      <td>0.080</td>\n",
       "      <td>7220.0</td>\n",
       "      <td>4.2537</td>\n",
       "      <td>-0.301</td>\n",
       "      <td>1.574</td>\n",
       "      <td>1.620</td>\n",
       "      <td>6.06511</td>\n",
       "      <td>A5</td>\n",
       "      <td>A4</td>\n",
       "      <td>A9</td>\n",
       "    </tr>\n",
       "    <tr>\n",
       "      <th>4</th>\n",
       "      <td>10</td>\n",
       "      <td>F</td>\n",
       "      <td>0</td>\n",
       "      <td>NaN</td>\n",
       "      <td>7516.0</td>\n",
       "      <td>3.850</td>\n",
       "      <td>0.232</td>\n",
       "      <td>9.543</td>\n",
       "      <td>0.003</td>\n",
       "      <td>7530.0</td>\n",
       "      <td>3.8710</td>\n",
       "      <td>0.235</td>\n",
       "      <td>2.534</td>\n",
       "      <td>1.740</td>\n",
       "      <td>18.59625</td>\n",
       "      <td>A6</td>\n",
       "      <td>A8</td>\n",
       "      <td>F0</td>\n",
       "    </tr>\n",
       "    <tr>\n",
       "      <th>...</th>\n",
       "      <td>...</td>\n",
       "      <td>...</td>\n",
       "      <td>...</td>\n",
       "      <td>...</td>\n",
       "      <td>...</td>\n",
       "      <td>...</td>\n",
       "      <td>...</td>\n",
       "      <td>...</td>\n",
       "      <td>...</td>\n",
       "      <td>...</td>\n",
       "      <td>...</td>\n",
       "      <td>...</td>\n",
       "      <td>...</td>\n",
       "      <td>...</td>\n",
       "      <td>...</td>\n",
       "      <td>...</td>\n",
       "      <td>...</td>\n",
       "      <td>...</td>\n",
       "    </tr>\n",
       "    <tr>\n",
       "      <th>7978</th>\n",
       "      <td>21626</td>\n",
       "      <td>F</td>\n",
       "      <td>0</td>\n",
       "      <td>NaN</td>\n",
       "      <td>7234.0</td>\n",
       "      <td>4.084</td>\n",
       "      <td>-0.219</td>\n",
       "      <td>13.274</td>\n",
       "      <td>0.092</td>\n",
       "      <td>7241.0</td>\n",
       "      <td>4.1929</td>\n",
       "      <td>-0.216</td>\n",
       "      <td>1.693</td>\n",
       "      <td>1.630</td>\n",
       "      <td>7.10133</td>\n",
       "      <td>A6</td>\n",
       "      <td>F2</td>\n",
       "      <td>F1</td>\n",
       "    </tr>\n",
       "    <tr>\n",
       "      <th>7979</th>\n",
       "      <td>21628</td>\n",
       "      <td>F</td>\n",
       "      <td>0</td>\n",
       "      <td>NaN</td>\n",
       "      <td>7145.0</td>\n",
       "      <td>4.114</td>\n",
       "      <td>-0.275</td>\n",
       "      <td>14.575</td>\n",
       "      <td>0.137</td>\n",
       "      <td>7153.0</td>\n",
       "      <td>4.3207</td>\n",
       "      <td>-0.273</td>\n",
       "      <td>1.448</td>\n",
       "      <td>1.600</td>\n",
       "      <td>4.94327</td>\n",
       "      <td>A6</td>\n",
       "      <td>F1</td>\n",
       "      <td>F0</td>\n",
       "    </tr>\n",
       "    <tr>\n",
       "      <th>7980</th>\n",
       "      <td>21629</td>\n",
       "      <td>F</td>\n",
       "      <td>0</td>\n",
       "      <td>NaN</td>\n",
       "      <td>7348.0</td>\n",
       "      <td>4.050</td>\n",
       "      <td>-0.132</td>\n",
       "      <td>15.263</td>\n",
       "      <td>0.057</td>\n",
       "      <td>7350.0</td>\n",
       "      <td>4.1327</td>\n",
       "      <td>-0.133</td>\n",
       "      <td>1.837</td>\n",
       "      <td>1.670</td>\n",
       "      <td>8.86950</td>\n",
       "      <td>A7</td>\n",
       "      <td>A9</td>\n",
       "      <td>F1</td>\n",
       "    </tr>\n",
       "    <tr>\n",
       "      <th>7981</th>\n",
       "      <td>21631</td>\n",
       "      <td>F</td>\n",
       "      <td>0</td>\n",
       "      <td>NaN</td>\n",
       "      <td>7357.0</td>\n",
       "      <td>3.913</td>\n",
       "      <td>0.236</td>\n",
       "      <td>13.035</td>\n",
       "      <td>0.103</td>\n",
       "      <td>7358.0</td>\n",
       "      <td>3.7906</td>\n",
       "      <td>0.235</td>\n",
       "      <td>2.723</td>\n",
       "      <td>1.670</td>\n",
       "      <td>19.58132</td>\n",
       "      <td>A7</td>\n",
       "      <td>F0</td>\n",
       "      <td>F0</td>\n",
       "    </tr>\n",
       "    <tr>\n",
       "      <th>7982</th>\n",
       "      <td>21635</td>\n",
       "      <td>F</td>\n",
       "      <td>0</td>\n",
       "      <td>NaN</td>\n",
       "      <td>7393.0</td>\n",
       "      <td>4.038</td>\n",
       "      <td>-0.147</td>\n",
       "      <td>12.290</td>\n",
       "      <td>0.069</td>\n",
       "      <td>7394.0</td>\n",
       "      <td>4.2558</td>\n",
       "      <td>-0.145</td>\n",
       "      <td>1.603</td>\n",
       "      <td>1.690</td>\n",
       "      <td>6.92185</td>\n",
       "      <td>A5</td>\n",
       "      <td>A7</td>\n",
       "      <td>A9</td>\n",
       "    </tr>\n",
       "  </tbody>\n",
       "</table>\n",
       "<p>7983 rows × 18 columns</p>\n",
       "</div>"
      ],
      "text/plain": [
       "      recno Class  SubClass Luminosity Class   Teff1  logg1   FeH1    Vmag  \\\n",
       "0         1     F         0              NaN  7080.0  4.178 -0.148  10.907   \n",
       "1         2     A         6               IV  7404.0  4.069  0.031  10.410   \n",
       "2         3     F         0              NaN  7330.0  4.102 -0.133  14.155   \n",
       "3         4     A         7                V  7218.0  4.182 -0.300  13.497   \n",
       "4        10     F         0              NaN  7516.0  3.850  0.232   9.543   \n",
       "...     ...   ...       ...              ...     ...    ...    ...     ...   \n",
       "7978  21626     F         0              NaN  7234.0  4.084 -0.219  13.274   \n",
       "7979  21628     F         0              NaN  7145.0  4.114 -0.275  14.575   \n",
       "7980  21629     F         0              NaN  7348.0  4.050 -0.132  15.263   \n",
       "7981  21631     F         0              NaN  7357.0  3.913  0.236  13.035   \n",
       "7982  21635     F         0              NaN  7393.0  4.038 -0.147  12.290   \n",
       "\n",
       "      e_Vmag   Teff2   logg2   FeH2    Rad   Mass       Lum Ca_K H_lines  \\\n",
       "0      0.008  7078.0  3.4750 -0.151  3.797  1.570  32.60238   A7      F3   \n",
       "1      0.005  7405.0  4.2137  0.032  1.684  1.691   7.68098   A7      F0   \n",
       "2      0.126  7331.0  4.3672 -0.133  1.398  1.660   5.08514   A7      F1   \n",
       "3      0.080  7220.0  4.2537 -0.301  1.574  1.620   6.06511   A5      A4   \n",
       "4      0.003  7530.0  3.8710  0.235  2.534  1.740  18.59625   A6      A8   \n",
       "...      ...     ...     ...    ...    ...    ...       ...  ...     ...   \n",
       "7978   0.092  7241.0  4.1929 -0.216  1.693  1.630   7.10133   A6      F2   \n",
       "7979   0.137  7153.0  4.3207 -0.273  1.448  1.600   4.94327   A6      F1   \n",
       "7980   0.057  7350.0  4.1327 -0.133  1.837  1.670   8.86950   A7      A9   \n",
       "7981   0.103  7358.0  3.7906  0.235  2.723  1.670  19.58132   A7      F0   \n",
       "7982   0.069  7394.0  4.2558 -0.145  1.603  1.690   6.92185   A5      A7   \n",
       "\n",
       "     Metal_lines  \n",
       "0             F2  \n",
       "1             F0  \n",
       "2             F0  \n",
       "3             A9  \n",
       "4             F0  \n",
       "...          ...  \n",
       "7978          F1  \n",
       "7979          F0  \n",
       "7980          F1  \n",
       "7981          F0  \n",
       "7982          A9  \n",
       "\n",
       "[7983 rows x 18 columns]"
      ]
     },
     "execution_count": 19,
     "metadata": {},
     "output_type": "execute_result"
    }
   ],
   "source": [
    "dfG = pd.read_csv('data_lakehouse/gold/starG.csv').drop(columns=['SpT', 'created_date','last_updated_date'])\n",
    "dfG"
   ]
  },
  {
   "cell_type": "code",
   "execution_count": 21,
   "id": "39e826f3-9cdb-45c9-a495-486817d66640",
   "metadata": {},
   "outputs": [
    {
     "name": "stdout",
     "output_type": "stream",
     "text": [
      "Number of Class: 2\n",
      "Number of Sub Classes: 9\n",
      "Number of Luminosity Classes: 3\n"
     ]
    }
   ],
   "source": [
    "print( 'Number of Class: ' + str(dfG['Class'].nunique() ) )\n",
    "print( 'Number of Sub Classes: ' + str(dfG['SubClass'].nunique() ) )\n",
    "print( 'Number of Luminosity Classes: ' + str(dfG['Luminosity Class'].nunique() ) )\n",
    "#print( 'Number of SpT: ' + str(dfG['SpT'].nunique() ) )"
   ]
  },
  {
   "cell_type": "code",
   "execution_count": 22,
   "id": "eba4a53c-2434-4ea2-89a4-9023427d2f10",
   "metadata": {},
   "outputs": [
    {
     "name": "stdout",
     "output_type": "stream",
     "text": [
      "Different Classes:['F' 'A']\n",
      "Different SubClasses:[0 6 7 5 2 3 9 8 1]\n",
      "Different Luminosity Classes:[nan 'IV' 'V' 'II']\n"
     ]
    }
   ],
   "source": [
    "print( 'Different Classes:' + str( dfG['Class'].unique() ) )\n",
    "print( 'Different SubClasses:' + str( dfG['SubClass'].unique() ) )\n",
    "print( 'Different Luminosity Classes:' + str( dfG['Luminosity Class'].unique() ) )"
   ]
  },
  {
   "cell_type": "code",
   "execution_count": 39,
   "id": "284dd488-a8d0-48ce-b6e6-6e1ab1bde7fc",
   "metadata": {},
   "outputs": [
    {
     "name": "stdout",
     "output_type": "stream",
     "text": [
      "[['A0', 1], ['A1', 4], ['A2', 2], ['A3', 2], ['A4', 2], ['A5', 2], ['A6', 1], ['A7', 2], ['A8', 1], ['A9', 1], ['F0', 1], ['F1', 1], ['F2', 1], ['F3', 1], ['F4', 1], ['F5', 1]]\n"
     ]
    }
   ],
   "source": [
    "# categories = np.unique(dfF['Ca_K'])\n",
    "# na_list = []\n",
    "# for category in categories:\n",
    "#     cat_list = []\n",
    "#     counter = 1\n",
    "#     for j in range(len(categories)):\n",
    "#         #print((dfF['Teff1'][j] ))\n",
    "#         #print(type(dfF['Teff1'][j] ))\n",
    "#         if dfF['Ca_K'][j] == category:\n",
    "#             if dfF['Teff1'].isnull()[j] == np.True_:\n",
    "#                 counter = counter + 1\n",
    "#     na_list.append([category,counter])\n",
    "# print(na_list)\n",
    "# #dfF"
   ]
  },
  {
   "cell_type": "code",
   "execution_count": 51,
   "id": "6aedb2fc-67f6-438e-bc91-f0429f2dcc68",
   "metadata": {},
   "outputs": [
    {
     "name": "stdout",
     "output_type": "stream",
     "text": [
      "5        7915.0\n",
      "12       8763.0\n",
      "15       8620.0\n",
      "32       7771.0\n",
      "33       8222.0\n",
      "          ...  \n",
      "21575    7345.0\n",
      "21586    7696.0\n",
      "21620    7679.0\n",
      "21621       NaN\n",
      "21626    8106.0\n",
      "Name: Teff2, Length: 3275, dtype: float64\n",
      "Missing values analysis per category:\n",
      "Category  NaN_Count  Total_Entries NaN_Percentage\n",
      "      A0        286            315         90.79%\n",
      "      A1       3108           3275         94.90%\n",
      "      A2       2172           2966         73.23%\n",
      "      A3       1108           3382         32.76%\n",
      "      A4        389           2193         17.74%\n",
      "      A5        288           2214         13.01%\n",
      "      A6        281           2626         10.70%\n",
      "      A7        301           3283          9.17%\n",
      "      A8         49            843          5.81%\n",
      "      A9         35            492          7.11%\n",
      "      F0          5             29         17.24%\n",
      "      F1          0              3          0.00%\n",
      "      F2          1             10         10.00%\n",
      "      F3          0              2          0.00%\n",
      "      F4          0              1          0.00%\n",
      "      F5          0              1          0.00%\n",
      "\n",
      "Sum of category NaN counts: 8023\n",
      "Actual total NaN count: 8023\n",
      "Verification: Match\n"
     ]
    }
   ],
   "source": [
    "# Count missing values per category\n",
    "categories = np.unique(dfF['Ca_K'])\n",
    "na_counts = []\n",
    "\n",
    "column_name = 'logg1'\n",
    "\n",
    "for category in categories:\n",
    "    # Filter rows for current category\n",
    "    category_mask = (dfF['Ca_K'] == category)\n",
    "    category_total = sum(category_mask)\n",
    "    # Count NaNs in Teff1 for this category\n",
    "    nan_count = dfF.loc[category_mask, column_name].isna().sum()\n",
    "    nan_percent = (nan_count / category_total) * 100\n",
    "    na_counts.append([category, nan_count, category_total, f\"{nan_percent:.2f}%\"])\n",
    "    \n",
    "    # Debug print for A1 (optional)\n",
    "    if category == 'A1':\n",
    "        print(dfF.loc[category_mask, 'Teff2'])\n",
    "\n",
    "# Create summary DataFrame\n",
    "na_df = pd.DataFrame(na_counts, \n",
    "                    columns=['Category', 'NaN_Count', 'Total_Entries', 'NaN_Percentage'])\n",
    "total_nans = na_df['NaN_Count'].sum()\n",
    "actual_total_nans = dfF[column_name].isna().sum()\n",
    "\n",
    "# Print results\n",
    "print(\"Missing values analysis per category:\")\n",
    "print(na_df.to_string(index=False))\n",
    "print(f\"\\nSum of category NaN counts: {total_nans}\")\n",
    "print(f\"Actual total NaN count: {actual_total_nans}\")\n",
    "print(f\"Verification: {'Match' if total_nans == actual_total_nans else 'Mismatch'}\")"
   ]
  },
  {
   "cell_type": "code",
   "execution_count": 10,
   "id": "55a437de-e543-429a-80c7-6b9300f09fff",
   "metadata": {},
   "outputs": [
    {
     "data": {
      "text/plain": [
       "Teff1     7361.362395\n",
       "logg1        4.036674\n",
       "FeH1        -0.029710\n",
       "Vmag        13.325144\n",
       "e_Vmag       0.097898\n",
       "Teff2     7358.282601\n",
       "logg2        4.088209\n",
       "FeH2        -0.031135\n",
       "Rad          2.016956\n",
       "Mass         1.674226\n",
       "Lum         12.042555\n",
       "dtype: float64"
      ]
     },
     "execution_count": 10,
     "metadata": {},
     "output_type": "execute_result"
    }
   ],
   "source": [
    "# Compute covariance matrix\n",
    "mean_matrix = dfG.select_dtypes(include=['number']).drop('Code', axis=1).mean()\n",
    "mean_matrix"
   ]
  },
  {
   "cell_type": "code",
   "execution_count": 26,
   "id": "7e138a85-16e8-4b5e-a6a1-52594e5a657e",
   "metadata": {},
   "outputs": [
    {
     "data": {
      "text/html": [
       "<div>\n",
       "<style scoped>\n",
       "    .dataframe tbody tr th:only-of-type {\n",
       "        vertical-align: middle;\n",
       "    }\n",
       "\n",
       "    .dataframe tbody tr th {\n",
       "        vertical-align: top;\n",
       "    }\n",
       "\n",
       "    .dataframe thead th {\n",
       "        text-align: right;\n",
       "    }\n",
       "</style>\n",
       "<table border=\"1\" class=\"dataframe\">\n",
       "  <thead>\n",
       "    <tr style=\"text-align: right;\">\n",
       "      <th></th>\n",
       "      <th>Teff1</th>\n",
       "      <th>logg1</th>\n",
       "      <th>FeH1</th>\n",
       "      <th>Vmag</th>\n",
       "      <th>e_Vmag</th>\n",
       "      <th>Teff2</th>\n",
       "      <th>logg2</th>\n",
       "      <th>FeH2</th>\n",
       "      <th>Rad</th>\n",
       "      <th>Mass</th>\n",
       "      <th>Lum</th>\n",
       "    </tr>\n",
       "  </thead>\n",
       "  <tbody>\n",
       "    <tr>\n",
       "      <th>Teff1</th>\n",
       "      <td>343.744705</td>\n",
       "      <td>3.230971</td>\n",
       "      <td>4.903739</td>\n",
       "      <td>5.715161</td>\n",
       "      <td>1.068011</td>\n",
       "      <td>342.820484</td>\n",
       "      <td>2.646298</td>\n",
       "      <td>4.856059</td>\n",
       "      <td>3.327704</td>\n",
       "      <td>6.802571</td>\n",
       "      <td>30.664889</td>\n",
       "    </tr>\n",
       "    <tr>\n",
       "      <th>logg1</th>\n",
       "      <td>3.230971</td>\n",
       "      <td>0.135194</td>\n",
       "      <td>0.141789</td>\n",
       "      <td>0.170883</td>\n",
       "      <td>0.035452</td>\n",
       "      <td>3.293874</td>\n",
       "      <td>0.096799</td>\n",
       "      <td>0.142401</td>\n",
       "      <td>0.161107</td>\n",
       "      <td>0.065123</td>\n",
       "      <td>0.628613</td>\n",
       "    </tr>\n",
       "    <tr>\n",
       "      <th>FeH1</th>\n",
       "      <td>4.903739</td>\n",
       "      <td>0.141789</td>\n",
       "      <td>0.250396</td>\n",
       "      <td>0.275573</td>\n",
       "      <td>0.056724</td>\n",
       "      <td>4.882080</td>\n",
       "      <td>0.093454</td>\n",
       "      <td>0.249416</td>\n",
       "      <td>0.160110</td>\n",
       "      <td>0.096472</td>\n",
       "      <td>0.627286</td>\n",
       "    </tr>\n",
       "    <tr>\n",
       "      <th>Vmag</th>\n",
       "      <td>5.715161</td>\n",
       "      <td>0.170883</td>\n",
       "      <td>0.275573</td>\n",
       "      <td>1.279332</td>\n",
       "      <td>0.244563</td>\n",
       "      <td>5.802146</td>\n",
       "      <td>0.265913</td>\n",
       "      <td>0.275419</td>\n",
       "      <td>0.392158</td>\n",
       "      <td>0.114950</td>\n",
       "      <td>1.238871</td>\n",
       "    </tr>\n",
       "    <tr>\n",
       "      <th>e_Vmag</th>\n",
       "      <td>1.068011</td>\n",
       "      <td>0.035452</td>\n",
       "      <td>0.056724</td>\n",
       "      <td>0.244563</td>\n",
       "      <td>0.090314</td>\n",
       "      <td>1.068047</td>\n",
       "      <td>0.051941</td>\n",
       "      <td>0.056784</td>\n",
       "      <td>0.077809</td>\n",
       "      <td>0.021103</td>\n",
       "      <td>0.256724</td>\n",
       "    </tr>\n",
       "    <tr>\n",
       "      <th>Teff2</th>\n",
       "      <td>342.820484</td>\n",
       "      <td>3.293874</td>\n",
       "      <td>4.882080</td>\n",
       "      <td>5.802146</td>\n",
       "      <td>1.068047</td>\n",
       "      <td>348.986952</td>\n",
       "      <td>2.789345</td>\n",
       "      <td>4.935901</td>\n",
       "      <td>3.170948</td>\n",
       "      <td>6.926419</td>\n",
       "      <td>30.814898</td>\n",
       "    </tr>\n",
       "    <tr>\n",
       "      <th>logg2</th>\n",
       "      <td>2.646298</td>\n",
       "      <td>0.096799</td>\n",
       "      <td>0.093454</td>\n",
       "      <td>0.265913</td>\n",
       "      <td>0.051941</td>\n",
       "      <td>2.789345</td>\n",
       "      <td>0.247796</td>\n",
       "      <td>0.092748</td>\n",
       "      <td>0.391458</td>\n",
       "      <td>0.054579</td>\n",
       "      <td>1.384448</td>\n",
       "    </tr>\n",
       "    <tr>\n",
       "      <th>FeH2</th>\n",
       "      <td>4.856059</td>\n",
       "      <td>0.142401</td>\n",
       "      <td>0.249416</td>\n",
       "      <td>0.275419</td>\n",
       "      <td>0.056784</td>\n",
       "      <td>4.935901</td>\n",
       "      <td>0.092748</td>\n",
       "      <td>0.251797</td>\n",
       "      <td>0.159643</td>\n",
       "      <td>0.097517</td>\n",
       "      <td>0.629674</td>\n",
       "    </tr>\n",
       "    <tr>\n",
       "      <th>Rad</th>\n",
       "      <td>3.327704</td>\n",
       "      <td>0.161107</td>\n",
       "      <td>0.160110</td>\n",
       "      <td>0.392158</td>\n",
       "      <td>0.077809</td>\n",
       "      <td>3.170948</td>\n",
       "      <td>0.391458</td>\n",
       "      <td>0.159643</td>\n",
       "      <td>0.637769</td>\n",
       "      <td>0.064567</td>\n",
       "      <td>2.348456</td>\n",
       "    </tr>\n",
       "    <tr>\n",
       "      <th>Mass</th>\n",
       "      <td>6.802571</td>\n",
       "      <td>0.065123</td>\n",
       "      <td>0.096472</td>\n",
       "      <td>0.114950</td>\n",
       "      <td>0.021103</td>\n",
       "      <td>6.926419</td>\n",
       "      <td>0.054579</td>\n",
       "      <td>0.097517</td>\n",
       "      <td>0.064567</td>\n",
       "      <td>0.137566</td>\n",
       "      <td>0.612823</td>\n",
       "    </tr>\n",
       "    <tr>\n",
       "      <th>Lum</th>\n",
       "      <td>30.664889</td>\n",
       "      <td>0.628613</td>\n",
       "      <td>0.627286</td>\n",
       "      <td>1.238871</td>\n",
       "      <td>0.256724</td>\n",
       "      <td>30.814898</td>\n",
       "      <td>1.384448</td>\n",
       "      <td>0.629674</td>\n",
       "      <td>2.348456</td>\n",
       "      <td>0.612823</td>\n",
       "      <td>9.328316</td>\n",
       "    </tr>\n",
       "  </tbody>\n",
       "</table>\n",
       "</div>"
      ],
      "text/plain": [
       "             Teff1     logg1      FeH1      Vmag    e_Vmag       Teff2  \\\n",
       "Teff1   343.744705  3.230971  4.903739  5.715161  1.068011  342.820484   \n",
       "logg1     3.230971  0.135194  0.141789  0.170883  0.035452    3.293874   \n",
       "FeH1      4.903739  0.141789  0.250396  0.275573  0.056724    4.882080   \n",
       "Vmag      5.715161  0.170883  0.275573  1.279332  0.244563    5.802146   \n",
       "e_Vmag    1.068011  0.035452  0.056724  0.244563  0.090314    1.068047   \n",
       "Teff2   342.820484  3.293874  4.882080  5.802146  1.068047  348.986952   \n",
       "logg2     2.646298  0.096799  0.093454  0.265913  0.051941    2.789345   \n",
       "FeH2      4.856059  0.142401  0.249416  0.275419  0.056784    4.935901   \n",
       "Rad       3.327704  0.161107  0.160110  0.392158  0.077809    3.170948   \n",
       "Mass      6.802571  0.065123  0.096472  0.114950  0.021103    6.926419   \n",
       "Lum      30.664889  0.628613  0.627286  1.238871  0.256724   30.814898   \n",
       "\n",
       "           logg2      FeH2       Rad      Mass        Lum  \n",
       "Teff1   2.646298  4.856059  3.327704  6.802571  30.664889  \n",
       "logg1   0.096799  0.142401  0.161107  0.065123   0.628613  \n",
       "FeH1    0.093454  0.249416  0.160110  0.096472   0.627286  \n",
       "Vmag    0.265913  0.275419  0.392158  0.114950   1.238871  \n",
       "e_Vmag  0.051941  0.056784  0.077809  0.021103   0.256724  \n",
       "Teff2   2.789345  4.935901  3.170948  6.926419  30.814898  \n",
       "logg2   0.247796  0.092748  0.391458  0.054579   1.384448  \n",
       "FeH2    0.092748  0.251797  0.159643  0.097517   0.629674  \n",
       "Rad     0.391458  0.159643  0.637769  0.064567   2.348456  \n",
       "Mass    0.054579  0.097517  0.064567  0.137566   0.612823  \n",
       "Lum     1.384448  0.629674  2.348456  0.612823   9.328316  "
      ]
     },
     "execution_count": 26,
     "metadata": {},
     "output_type": "execute_result"
    }
   ],
   "source": [
    "# Compute covariance matrix\n",
    "cov_matrix = np.sqrt( np.abs(dfG.select_dtypes(include=['number']).drop(['recno','SubClass'], axis=1).cov()) )\n",
    "cov_matrix"
   ]
  },
  {
   "cell_type": "code",
   "execution_count": 27,
   "id": "646d06db-997f-4685-82b7-2d41b1261712",
   "metadata": {},
   "outputs": [
    {
     "data": {
      "text/html": [
       "<div>\n",
       "<style scoped>\n",
       "    .dataframe tbody tr th:only-of-type {\n",
       "        vertical-align: middle;\n",
       "    }\n",
       "\n",
       "    .dataframe tbody tr th {\n",
       "        vertical-align: top;\n",
       "    }\n",
       "\n",
       "    .dataframe thead th {\n",
       "        text-align: right;\n",
       "    }\n",
       "</style>\n",
       "<table border=\"1\" class=\"dataframe\">\n",
       "  <thead>\n",
       "    <tr style=\"text-align: right;\">\n",
       "      <th></th>\n",
       "      <th>Teff1</th>\n",
       "      <th>logg1</th>\n",
       "      <th>FeH1</th>\n",
       "      <th>Vmag</th>\n",
       "      <th>e_Vmag</th>\n",
       "      <th>Teff2</th>\n",
       "      <th>logg2</th>\n",
       "      <th>FeH2</th>\n",
       "      <th>Rad</th>\n",
       "      <th>Mass</th>\n",
       "      <th>Lum</th>\n",
       "    </tr>\n",
       "  </thead>\n",
       "  <tbody>\n",
       "    <tr>\n",
       "      <th>Teff1</th>\n",
       "      <td>1.000000</td>\n",
       "      <td>-0.224632</td>\n",
       "      <td>0.279378</td>\n",
       "      <td>0.074274</td>\n",
       "      <td>0.036742</td>\n",
       "      <td>0.979689</td>\n",
       "      <td>0.082214</td>\n",
       "      <td>0.272447</td>\n",
       "      <td>0.050511</td>\n",
       "      <td>0.978589</td>\n",
       "      <td>0.293254</td>\n",
       "    </tr>\n",
       "    <tr>\n",
       "      <th>logg1</th>\n",
       "      <td>-0.224632</td>\n",
       "      <td>1.000000</td>\n",
       "      <td>-0.593879</td>\n",
       "      <td>0.168832</td>\n",
       "      <td>0.102935</td>\n",
       "      <td>-0.229957</td>\n",
       "      <td>0.279698</td>\n",
       "      <td>-0.595684</td>\n",
       "      <td>-0.301030</td>\n",
       "      <td>-0.228032</td>\n",
       "      <td>-0.313332</td>\n",
       "    </tr>\n",
       "    <tr>\n",
       "      <th>FeH1</th>\n",
       "      <td>0.279378</td>\n",
       "      <td>-0.593879</td>\n",
       "      <td>1.000000</td>\n",
       "      <td>-0.237063</td>\n",
       "      <td>-0.142282</td>\n",
       "      <td>0.272756</td>\n",
       "      <td>-0.140757</td>\n",
       "      <td>0.986666</td>\n",
       "      <td>0.160526</td>\n",
       "      <td>0.270187</td>\n",
       "      <td>0.168462</td>\n",
       "    </tr>\n",
       "    <tr>\n",
       "      <th>Vmag</th>\n",
       "      <td>0.074274</td>\n",
       "      <td>0.168832</td>\n",
       "      <td>-0.237063</td>\n",
       "      <td>1.000000</td>\n",
       "      <td>0.517658</td>\n",
       "      <td>0.075402</td>\n",
       "      <td>0.223049</td>\n",
       "      <td>-0.235481</td>\n",
       "      <td>-0.188484</td>\n",
       "      <td>0.075080</td>\n",
       "      <td>-0.128607</td>\n",
       "    </tr>\n",
       "    <tr>\n",
       "      <th>e_Vmag</th>\n",
       "      <td>0.036742</td>\n",
       "      <td>0.102935</td>\n",
       "      <td>-0.142282</td>\n",
       "      <td>0.517658</td>\n",
       "      <td>1.000000</td>\n",
       "      <td>0.036192</td>\n",
       "      <td>0.120552</td>\n",
       "      <td>-0.141792</td>\n",
       "      <td>-0.105109</td>\n",
       "      <td>0.035846</td>\n",
       "      <td>-0.078230</td>\n",
       "    </tr>\n",
       "    <tr>\n",
       "      <th>Teff2</th>\n",
       "      <td>0.979689</td>\n",
       "      <td>-0.229957</td>\n",
       "      <td>0.272756</td>\n",
       "      <td>0.075402</td>\n",
       "      <td>0.036192</td>\n",
       "      <td>1.000000</td>\n",
       "      <td>0.089971</td>\n",
       "      <td>0.277251</td>\n",
       "      <td>0.045176</td>\n",
       "      <td>0.999306</td>\n",
       "      <td>0.291682</td>\n",
       "    </tr>\n",
       "    <tr>\n",
       "      <th>logg2</th>\n",
       "      <td>0.082214</td>\n",
       "      <td>0.279698</td>\n",
       "      <td>-0.140757</td>\n",
       "      <td>0.223049</td>\n",
       "      <td>0.120552</td>\n",
       "      <td>0.089971</td>\n",
       "      <td>1.000000</td>\n",
       "      <td>-0.137868</td>\n",
       "      <td>-0.969642</td>\n",
       "      <td>0.087386</td>\n",
       "      <td>-0.829193</td>\n",
       "    </tr>\n",
       "    <tr>\n",
       "      <th>FeH2</th>\n",
       "      <td>0.272447</td>\n",
       "      <td>-0.595684</td>\n",
       "      <td>0.986666</td>\n",
       "      <td>-0.235481</td>\n",
       "      <td>-0.141792</td>\n",
       "      <td>0.277251</td>\n",
       "      <td>-0.137868</td>\n",
       "      <td>1.000000</td>\n",
       "      <td>0.158702</td>\n",
       "      <td>0.274534</td>\n",
       "      <td>0.168802</td>\n",
       "    </tr>\n",
       "    <tr>\n",
       "      <th>Rad</th>\n",
       "      <td>0.050511</td>\n",
       "      <td>-0.301030</td>\n",
       "      <td>0.160526</td>\n",
       "      <td>-0.188484</td>\n",
       "      <td>-0.105109</td>\n",
       "      <td>0.045176</td>\n",
       "      <td>-0.969642</td>\n",
       "      <td>0.158702</td>\n",
       "      <td>1.000000</td>\n",
       "      <td>0.047517</td>\n",
       "      <td>0.927040</td>\n",
       "    </tr>\n",
       "    <tr>\n",
       "      <th>Mass</th>\n",
       "      <td>0.978589</td>\n",
       "      <td>-0.228032</td>\n",
       "      <td>0.270187</td>\n",
       "      <td>0.075080</td>\n",
       "      <td>0.035846</td>\n",
       "      <td>0.999306</td>\n",
       "      <td>0.087386</td>\n",
       "      <td>0.274534</td>\n",
       "      <td>0.047517</td>\n",
       "      <td>1.000000</td>\n",
       "      <td>0.292655</td>\n",
       "    </tr>\n",
       "    <tr>\n",
       "      <th>Lum</th>\n",
       "      <td>0.293254</td>\n",
       "      <td>-0.313332</td>\n",
       "      <td>0.168462</td>\n",
       "      <td>-0.128607</td>\n",
       "      <td>-0.078230</td>\n",
       "      <td>0.291682</td>\n",
       "      <td>-0.829193</td>\n",
       "      <td>0.168802</td>\n",
       "      <td>0.927040</td>\n",
       "      <td>0.292655</td>\n",
       "      <td>1.000000</td>\n",
       "    </tr>\n",
       "  </tbody>\n",
       "</table>\n",
       "</div>"
      ],
      "text/plain": [
       "           Teff1     logg1      FeH1      Vmag    e_Vmag     Teff2     logg2  \\\n",
       "Teff1   1.000000 -0.224632  0.279378  0.074274  0.036742  0.979689  0.082214   \n",
       "logg1  -0.224632  1.000000 -0.593879  0.168832  0.102935 -0.229957  0.279698   \n",
       "FeH1    0.279378 -0.593879  1.000000 -0.237063 -0.142282  0.272756 -0.140757   \n",
       "Vmag    0.074274  0.168832 -0.237063  1.000000  0.517658  0.075402  0.223049   \n",
       "e_Vmag  0.036742  0.102935 -0.142282  0.517658  1.000000  0.036192  0.120552   \n",
       "Teff2   0.979689 -0.229957  0.272756  0.075402  0.036192  1.000000  0.089971   \n",
       "logg2   0.082214  0.279698 -0.140757  0.223049  0.120552  0.089971  1.000000   \n",
       "FeH2    0.272447 -0.595684  0.986666 -0.235481 -0.141792  0.277251 -0.137868   \n",
       "Rad     0.050511 -0.301030  0.160526 -0.188484 -0.105109  0.045176 -0.969642   \n",
       "Mass    0.978589 -0.228032  0.270187  0.075080  0.035846  0.999306  0.087386   \n",
       "Lum     0.293254 -0.313332  0.168462 -0.128607 -0.078230  0.291682 -0.829193   \n",
       "\n",
       "            FeH2       Rad      Mass       Lum  \n",
       "Teff1   0.272447  0.050511  0.978589  0.293254  \n",
       "logg1  -0.595684 -0.301030 -0.228032 -0.313332  \n",
       "FeH1    0.986666  0.160526  0.270187  0.168462  \n",
       "Vmag   -0.235481 -0.188484  0.075080 -0.128607  \n",
       "e_Vmag -0.141792 -0.105109  0.035846 -0.078230  \n",
       "Teff2   0.277251  0.045176  0.999306  0.291682  \n",
       "logg2  -0.137868 -0.969642  0.087386 -0.829193  \n",
       "FeH2    1.000000  0.158702  0.274534  0.168802  \n",
       "Rad     0.158702  1.000000  0.047517  0.927040  \n",
       "Mass    0.274534  0.047517  1.000000  0.292655  \n",
       "Lum     0.168802  0.927040  0.292655  1.000000  "
      ]
     },
     "execution_count": 27,
     "metadata": {},
     "output_type": "execute_result"
    }
   ],
   "source": [
    "# Compute covariance matrix\n",
    "corr_matrix = dfG.select_dtypes(include=['number']).drop(['recno','SubClass'], axis=1).corr()\n",
    "corr_matrix"
   ]
  },
  {
   "cell_type": "code",
   "execution_count": 28,
   "id": "0a4ea4bc-f480-4a66-b45d-4a6688646ded",
   "metadata": {},
   "outputs": [
    {
     "data": {
